#resnet50
#l	kn	wo	ho	t	kh	kw	ci 	wi	hi
1	64	112	112	1	7	7	3	224	224
4	64	56	56	1	1	1	64	112	112
7	64	56	56	1	3	3	64	56	56
10	256	56	56	1	1	1	64	56	56
16	64	56	56	1	1	1	256	56	56
36	128	56	56	1	1	1	256	56	56
39	128	28	28	1	3	3	128	56	56
42	512	28	28	1	1	1	128	28	28
44	512	28	28	1	1	1	256	28	28
48	128	28	28	1	1	1	512	28	28
78	256	28	28	1	1	1	512	28	28
81	256	14	14	1	3	3	256	28	28
84	1024	14	14	1	1	1	256	14	14
86	1024	14	14	1	1	1	512	14	14
90	256	14	14	1	1	1	1024	14	14
140	512	14	14	1	1	1	1024	14	14
143	512	7	7	1	3	3	512	14	14
146	2048	7	7	1	1	1	512	7	7
148	2048	7	7	1	1	1	1024	7	7
152	512	7	7	1	1	1	2048	7	7
